t_start,t_end,availability_time,value
1763721418.044947,1763721418.504977,0.46003007888793945,2
1763721419.073889,1763721419.219089,0.14520001411437988,4
1763721420.08059,1763721420.242687,0.16209697723388672,6
1763721421.085601,1763721421.215398,0.12979698181152344,8
1763721422.089079,1763721422.209548,0.1204690933227539,10
1763721423.092235,1763721423.207273,0.11503791809082031,12
1763721424.102928,1763721424.251768,0.14884018898010254,14
1763721425.112198,1763721425.210052,0.0978538990020752,16
1763721426.116915,1763721426.219208,0.10229301452636719,18
1763721427.121508,1763721427.238777,0.11726903915405273,20
1763721428.12562,1763721428.241057,0.11543703079223633,22
1763721429.133066,1763721429.240892,0.10782599449157715,24
1763721430.138709,1763721430.249864,0.11115503311157227,26
1763721431.141927,1763721431.243815,0.10188794136047363,28
1763721432.146933,1763721432.237745,0.09081196784973145,30
1763721433.153292,1763721433.260527,0.10723495483398438,32
1763721434.159482,1763721434.268421,0.10893893241882324,34
1763721435.165856,1763721435.301139,0.1352832317352295,36
1763721436.170869,1763721436.298416,0.1275467872619629,38
1763721437.176256,1763721437.287,0.11074399948120117,40
1763721438.182953,1763721438.284187,0.10123419761657715,42
1763721439.187195,1763721439.280668,0.09347295761108398,44
1763721440.190898,1763721440.285048,0.09415006637573242,46
1763721441.195499,1763721441.279248,0.08374905586242676,48
1763721442.200013,1763721442.295027,0.09501409530639648,50
1763721443.205958,1763721443.306959,0.10100102424621582,52
1763721444.21083,1763721444.33907,0.12824010848999023,54
1763721445.216228,1763721445.33143,0.11520195007324219,56
1763721446.221165,1763721446.320553,0.09938812255859375,58
1763721447.225645,1763721447.322781,0.09713602066040039,60
1763721448.231333,1763721448.309496,0.07816290855407715,62
1763721449.238734,1763721449.34314,0.10440587997436523,64
1763721450.244735,1763721450.351735,0.10700011253356934,66
1763721451.252347,1763721451.352209,0.09986209869384766,68
1763721452.258294,1763721452.332996,0.07470178604125977,70
1763721453.262898,1763721453.343444,0.08054614067077637,72
1763721454.267909,1763721454.34477,0.07686090469360352,74
1763721455.272519,1763721455.343742,0.07122278213500977,76
1763721456.276517,1763721456.360872,0.08435511589050293,78
1763721457.28248,1763721457.393618,0.11113810539245605,80
1763721458.289234,1763721458.37467,0.08543610572814941,82
1763721459.296871,1763721459.379177,0.0823061466217041,84
1763721460.303972,1763721460.418781,0.11480903625488281,86
1763721461.309214,1763721461.390801,0.08158683776855469,88
1763721462.316017,1763721462.412833,0.0968160629272461,90
1763721463.321437,1763721463.412045,0.09060811996459961,92
1763721464.327915,1763721464.409962,0.0820469856262207,94
1763721465.331871,1763721465.426153,0.09428191184997559,96
1763721466.337615,1763721466.419042,0.08142709732055664,98
1763721467.340635,1763721467.451565,0.11092996597290039,100
1763721468.353566,1763721468.525805,0.17223906517028809,102
1763721469.367517,1763721469.484969,0.11745190620422363,104
1763721470.371217,1763721470.477427,0.10620999336242676,106
1763721471.373938,1763721471.491426,0.11748790740966797,108
1763721472.379162,1763721472.487422,0.10825991630554199,110
1763721473.39296,1763721473.492511,0.09955096244812012,112
1763721474.400328,1763721474.49279,0.09246206283569336,114
1763721475.406704,1763721475.50742,0.10071611404418945,116
1763721476.410729,1763721476.519718,0.10898900032043457,118
1763721477.414773,1763721477.519102,0.10432910919189453,120
1763721478.420333,1763721478.523133,0.10280013084411621,122
1763721479.425415,1763721479.526651,0.10123586654663086,124
1763721480.429528,1763721480.532598,0.10307002067565918,126
1763721481.433366,1763721481.522434,0.08906793594360352,128
1763721482.437332,1763721482.538775,0.10144305229187012,130
1763721483.443655,1763721483.535333,0.09167790412902832,132
1763721484.448726,1763721484.54693,0.09820413589477539,134
1763721485.4518,1763721485.538979,0.08717894554138184,136
1763721486.456103,1763721486.558456,0.10235285758972168,138
1763721487.46203,1763721487.557618,0.09558796882629395,140
1763721488.467246,1763721488.560689,0.09344291687011719,142
1763721489.470862,1763721489.544424,0.0735621452331543,144
1763721490.474936,1763721490.562511,0.08757495880126953,146
1763721491.482531,1763721491.575302,0.09277081489562988,148
1763721492.48784,1763721492.571415,0.08357501029968262,150
1763721493.491303,1763721493.584745,0.09344196319580078,152
1763721494.495188,1763721494.582963,0.08777499198913574,154
1763721495.498249,1763721495.594482,0.09623289108276367,156
1763721496.500916,1763721496.596127,0.09521102905273438,158
1763721497.507488,1763721497.610859,0.10337090492248535,160
1763721498.513481,1763721498.603126,0.0896451473236084,162
1763721499.516891,1763721499.606209,0.08931803703308105,164
1763721500.520394,1763721500.628748,0.10835385322570801,166
1763721501.523879,1763721501.612672,0.08879303932189941,168
1763721502.528291,1763721502.633151,0.10486006736755371,170
1763721503.531574,1763721503.631177,0.09960293769836426,172
1763721504.535488,1763721504.643336,0.1078481674194336,174
1763721505.54011,1763721505.655255,0.11514496803283691,176
1763721506.543217,1763721506.635655,0.0924379825592041,178
1763721507.546165,1763721507.639461,0.09329605102539062,180
1763721508.549504,1763721508.650166,0.1006619930267334,182
1763721509.555604,1763721509.660874,0.1052699089050293,184
1763721510.5616,1763721510.653634,0.09203410148620605,186
1763721511.56773,1763721511.661219,0.09348893165588379,188
1763721512.571929,1763721512.660445,0.0885159969329834,190
1763721513.580013,1763721513.677622,0.09760904312133789,192
1763721514.587103,1763721514.675911,0.08880805969238281,194
1763721515.593936,1763721515.699789,0.10585308074951172,196
1763721516.602368,1763721516.697609,0.09524083137512207,198
1763721517.605712,1763721517.692751,0.08703899383544922,200
1763721518.609168,1763721518.726229,0.11706089973449707,202
1763721519.612454,1763721519.694429,0.08197498321533203,204
1763721520.616935,1763721520.719142,0.10220694541931152,206
1763721521.619984,1763721521.722524,0.1025400161743164,208
1763721522.623492,1763721522.719162,0.09566998481750488,210
1763721523.62515,1763721523.722744,0.09759402275085449,212
1763721524.629478,1763721524.742649,0.11317110061645508,214
1763721525.632906,1763721525.732246,0.09933996200561523,216
1763721526.636385,1763721526.748134,0.11174893379211426,218
1763721527.640125,1763721527.743323,0.10319805145263672,220
1763721528.642959,1763721528.731797,0.08883786201477051,222
1763721529.646353,1763721529.742578,0.09622502326965332,224
1763721530.651381,1763721530.763172,0.11179089546203613,226
1763721531.655485,1763721531.771284,0.1157991886138916,228
1763721532.658269,1763721532.750247,0.09197807312011719,230
1763721533.664093,1763721533.774642,0.1105489730834961,232
1763721534.670839,1763721534.797116,0.12627696990966797,234
1763721535.673468,1763721535.773826,0.1003577709197998,236
1763721536.677082,1763721536.782852,0.10576987266540527,238
1763721537.682381,1763721537.780034,0.09765315055847168,240
1763721538.687114,1763721538.787055,0.09994101524353027,242
1763721539.692502,1763721539.7736,0.08109807968139648,244
1763721540.695858,1763721540.782199,0.08634090423583984,246
1763721541.702633,1763721541.796168,0.09353518486022949,248
1763721542.705654,1763721542.800694,0.09504008293151855,250
1763721543.709164,1763721543.807666,0.09850215911865234,252
1763721544.71383,1763721544.813631,0.09980106353759766,254
1763721545.718945,1763721545.812761,0.09381604194641113,256
1763721546.723033,1763721546.847823,0.12478995323181152,258
1763721547.726711,1763721547.814284,0.08757305145263672,260
1763721548.730366,1763721548.844254,0.11388802528381348,262
1763721549.736794,1763721549.836985,0.10019111633300781,264
1763721550.742571,1763721550.848361,0.1057898998260498,266
1763721551.747276,1763721551.854406,0.10713005065917969,268
1763721552.751263,1763721552.843405,0.09214210510253906,270
1763721553.753617,1763721553.854939,0.10132193565368652,272
1763721554.756579,1763721554.847506,0.0909271240234375,274
1763721555.759784,1763721555.848698,0.0889139175415039,276
1763721556.762774,1763721556.904191,0.1414170265197754,278
1763721557.766749,1763721557.868581,0.10183215141296387,280
1763721558.770242,1763721558.885342,0.11509990692138672,282
1763721559.773678,1763721559.87209,0.09841203689575195,284
1763721560.778397,1763721560.866977,0.08857989311218262,286
1763721561.782962,1763721561.888593,0.10563087463378906,288
1763721562.786948,1763721562.895928,0.10897994041442871,290
1763721563.7916,1763721563.903566,0.11196589469909668,292
1763721564.795429,1763721564.878077,0.08264803886413574,294
1763721565.799403,1763721565.897822,0.0984189510345459,296
1763721566.80296,1763721566.947411,0.14445114135742188,298
1763721567.807727,1763721567.912925,0.10519790649414062,300
1763721568.814201,1763721568.917372,0.10317087173461914,302
1763721569.820189,1763721569.901559,0.08137011528015137,304
1763721570.824557,1763721570.942641,0.11808395385742188,306
1763721571.830883,1763721571.937083,0.10619997978210449,308
1763721572.834252,1763721572.944587,0.11033487319946289,310
1763721573.842061,1763721573.93626,0.09419894218444824,312
1763721574.845581,1763721574.94168,0.0960988998413086,314
1763721575.848848,1763721575.953998,0.10514998435974121,316
1763721576.852602,1763721576.99845,0.14584803581237793,318
1763721577.859714,1763721577.954365,0.0946509838104248,320
1763721578.862641,1763721578.953167,0.09052586555480957,322
1763721579.866327,1763721579.961296,0.09496903419494629,324
1763721580.871613,1763721580.96305,0.09143686294555664,326
1763721581.875694,1763721581.96265,0.08695602416992188,328
1763721582.882076,1763721582.985511,0.10343503952026367,330
1763721583.885884,1763721583.980159,0.09427499771118164,332
1763721584.889719,1763721585.001549,0.11182999610900879,334
1763721585.893599,1763721585.984749,0.09115004539489746,336
1763721586.897134,1763721586.997162,0.10002803802490234,338
1763721587.901067,1763721587.994491,0.09342408180236816,340
1763721588.906016,1763721589.015758,0.1097419261932373,342
1763721589.909587,1763721589.996343,0.08675599098205566,344
1763721590.913896,1763721591.023001,0.10910487174987793,346
1763721591.919123,1763721592.016217,0.09709405899047852,348
1763721592.925413,1763721593.033002,0.1075890064239502,350
1763721593.930462,1763721594.020135,0.08967304229736328,352
1763721594.933491,1763721595.036141,0.10264992713928223,354
1763721595.937953,1763721596.051823,0.11386990547180176,356
1763721596.942611,1763721597.050289,0.10767793655395508,358
1763721597.945847,1763721598.043614,0.09776687622070312,360
1763721598.953346,1763721599.042499,0.08915305137634277,362
1763721599.958106,1763721600.133724,0.17561793327331543,364
1763721600.971244,1763721601.074664,0.10342001914978027,366
1763721601.975169,1763721602.057902,0.082733154296875,368
1763721602.979249,1763721603.077259,0.09801006317138672,370
1763721603.985078,1763721604.072389,0.087310791015625,372
1763721604.98871,1763721605.083931,0.09522104263305664,374
1763721605.991696,1763721606.081977,0.09028100967407227,376
1763721606.998131,1763721607.160375,0.16224408149719238,378
1763721608.003699,1763721608.110993,0.10729384422302246,380
1763721609.012351,1763721609.122318,0.10996699333190918,382
1763721610.017902,1763721610.103268,0.08536601066589355,384
1763721611.022012,1763721611.125706,0.10369396209716797,386
1763721612.024833,1763721612.127432,0.1025991439819336,388
1763721613.03099,1763721613.129033,0.09804320335388184,390
1763721614.032734,1763721614.133674,0.10093998908996582,392
1763721615.036871,1763721615.140976,0.10410499572753906,394
1763721616.040214,1763721616.129387,0.0891728401184082,396
1763721617.046505,1763721617.159709,0.1132040023803711,398
1763721618.050435,1763721618.151522,0.10108685493469238,400
1763721619.052859,1763721619.155416,0.10255694389343262,402
1763721620.0556,1763721620.140306,0.08470606803894043,404
1763721621.058552,1763721621.164355,0.10580301284790039,406
1763721622.064209,1763721622.174281,0.11007189750671387,408
1763721623.070876,1763721623.178024,0.1071481704711914,410
1763721624.07429,1763721624.18787,0.11357998847961426,412
1763721625.079796,1763721625.189201,0.1094050407409668,414
1763721626.084695,1763721626.175274,0.09057879447937012,416
1763721627.089992,1763721627.198788,0.1087958812713623,418
1763721628.094684,1763721628.193161,0.09847712516784668,420
1763721629.098148,1763721629.187478,0.08932995796203613,422
1763721630.101275,1763721630.215145,0.11387014389038086,424
1763721631.104282,1763721631.240387,0.13610506057739258,426
1763721632.108757,1763721632.200918,0.09216094017028809,428
1763721633.112687,1763721633.207171,0.09448385238647461,430
1763721634.115963,1763721634.205051,0.08908796310424805,432
1763721635.118729,1763721635.198656,0.07992696762084961,434
1763721636.123076,1763721636.206354,0.08327794075012207,436
1763721637.12704,1763721637.230206,0.10316610336303711,438
1763721638.136633,1763721638.225074,0.08844113349914551,440
1763721639.139679,1763721639.232921,0.09324193000793457,442
1763721640.144567,1763721640.256743,0.11217594146728516,444
1763721641.150275,1763721641.271131,0.12085604667663574,446
1763721642.157245,1763721642.246523,0.08927798271179199,448
1763721643.164418,1763721643.254084,0.08966612815856934,450
1763721644.167444,1763721644.271501,0.10405707359313965,452
1763721645.171984,1763721645.256884,0.0849001407623291,454
1763721646.177747,1763721646.294686,0.11693906784057617,456
1763721647.182066,1763721647.287274,0.10520792007446289,458
1763721648.186138,1763721648.290895,0.10475707054138184,460
1763721649.19381,1763721649.289582,0.09577202796936035,462
1763721650.199985,1763721650.28317,0.08318495750427246,464
1763721651.206228,1763721651.299761,0.09353303909301758,466
1763721652.215632,1763721652.307505,0.0918729305267334,468
1763721653.219141,1763721653.303724,0.08458304405212402,470
1763721654.226507,1763721654.318259,0.0917520523071289,472
1763721655.231872,1763721655.311871,0.07999897003173828,474
1763721656.234938,1763721656.321482,0.08654403686523438,476
1763721657.23787,1763721657.334541,0.09667110443115234,478
1763721658.240859,1763721658.35785,0.11699104309082031,480
1763721659.244698,1763721659.350786,0.10608792304992676,482
1763721660.249518,1763721660.345392,0.09587407112121582,484
1763721661.253135,1763721661.368117,0.11498212814331055,486
1763721662.256988,1763721662.366776,0.1097879409790039,488
1763721663.261037,1763721663.370797,0.10975980758666992,490
1763721664.263965,1763721664.352126,0.08816099166870117,492
1763721665.268807,1763721665.370579,0.10177206993103027,494
1763721666.27198,1763721666.385179,0.11319899559020996,496
1763721667.274936,1763721667.373585,0.0986490249633789,498
1763721668.278154,1763721668.386862,0.10870814323425293,500
1763721669.282943,1763721669.386271,0.10332798957824707,502
1763721670.286177,1763721670.372505,0.08632802963256836,504
1763721671.289831,1763721671.387077,0.09724617004394531,506
1763721672.292986,1763721672.389719,0.09673309326171875,508
1763721673.295886,1763721673.39917,0.10328388214111328,510
1763721674.299389,1763721674.422698,0.12330913543701172,512
1763721675.302927,1763721675.412007,0.10908007621765137,514
1763721676.307963,1763721676.412934,0.10497117042541504,516
1763721677.311754,1763721677.39641,0.0846560001373291,518
1763721678.315729,1763721678.413573,0.09784412384033203,520
1763721679.31904,1763721679.409592,0.09055185317993164,522
1763721680.322867,1763721680.412966,0.09009909629821777,524
1763721681.326229,1763721681.430319,0.10408997535705566,526
1763721682.332997,1763721682.438637,0.10563993453979492,528
1763721683.337033,1763721683.44398,0.10694694519042969,530
1763721684.342782,1763721684.451527,0.10874509811401367,532
1763721685.346394,1763721685.472155,0.1257610321044922,534
1763721686.350226,1763721686.460289,0.11006307601928711,536
1763721687.354706,1763721687.454218,0.09951186180114746,538
1763721688.359494,1763721688.475118,0.11562395095825195,540
1763721689.366892,1763721689.473916,0.10702395439147949,542
1763721690.371647,1763721690.459669,0.08802223205566406,544
1763721691.379202,1763721691.481603,0.1024010181427002,546
1763721692.387077,1763721692.487491,0.10041379928588867,548
1763721693.39045,1763721693.479377,0.08892703056335449,550
1763721694.394609,1763721694.508501,0.1138920783996582,552
1763721695.397733,1763721695.491948,0.09421491622924805,554
1763721696.400788,1763721696.552811,0.1520228385925293,556
1763721697.404464,1763721697.504879,0.10041499137878418,558
1763721698.40877,1763721698.519616,0.11084580421447754,560
1763721699.413471,1763721699.504824,0.09135293960571289,562
1763721700.416733,1763721700.521439,0.1047060489654541,564
1763721701.419821,1763721701.57771,0.15788888931274414,566
1763721702.422348,1763721702.52049,0.09814190864562988,568
1763721703.42699,1763721703.516037,0.08904695510864258,570
1763721704.43285,1763721704.512965,0.08011507987976074,572
1763721705.439346,1763721705.550316,0.11097002029418945,574
1763721706.445019,1763721706.536259,0.09123992919921875,576
1763721707.450883,1763721707.538931,0.08804798126220703,578
1763721708.458788,1763721708.601315,0.14252710342407227,580
1763721709.466063,1763721709.573712,0.10764908790588379,582
1763721710.472377,1763721710.572399,0.1000218391418457,584
1763721711.477617,1763721711.574144,0.0965268611907959,586
1763721712.483499,1763721712.570996,0.08749699592590332,588
1763721713.491639,1763721713.595231,0.1035921573638916,590
1763721714.495869,1763721714.587032,0.09116315841674805,592
1763721715.498836,1763721715.613809,0.11497306823730469,594
1763721716.503679,1763721716.591692,0.0880129337310791,596
1763721717.508163,1763721717.669616,0.1614530086517334,598
1763721718.516288,1763721718.609271,0.09298300743103027,600
1763721719.519425,1763721719.625187,0.10576200485229492,602
1763721720.523579,1763721720.628282,0.10470318794250488,604
1763721721.529135,1763721721.606252,0.0771169662475586,606
1763721722.531647,1763721722.616946,0.08529901504516602,608
1763721723.534605,1763721723.63221,0.09760499000549316,610
1763721724.538091,1763721724.669952,0.13186097145080566,612
1763721725.54256,1763721725.636183,0.09362292289733887,614
1763721726.547414,1763721726.636396,0.08898186683654785,616
1763721727.550461,1763721727.624215,0.07375383377075195,618
1763721728.553204,1763721728.641719,0.08851504325866699,620
1763721729.556456,1763721729.656934,0.10047793388366699,622
1763721730.564566,1763721730.649243,0.08467721939086914,624
1763721731.568848,1763721731.653789,0.08494114875793457,626
1763721732.572797,1763721732.679488,0.10669088363647461,628
1763721733.578082,1763721733.694097,0.11601495742797852,630
1763721734.581185,1763721734.67836,0.09717488288879395,632
1763721735.587372,1763721735.700782,0.11340999603271484,634
1763721736.592612,1763721736.675203,0.08259105682373047,636
1763721737.597901,1763721737.690595,0.09269380569458008,638
1763721738.601967,1763721738.70829,0.1063230037689209,640
1763721739.604892,1763721739.709714,0.10482192039489746,642
1763721740.608537,1763721740.705007,0.09647011756896973,644
1763721741.612168,1763721741.704384,0.09221601486206055,646
1763721742.616297,1763721742.722632,0.10633492469787598,648
1763721743.622532,1763721743.731287,0.10875511169433594,650
1763721744.628615,1763721744.725964,0.09734916687011719,652
1763721745.633627,1763721745.730488,0.09686112403869629,654
1763721746.650303,1763721746.745333,0.09503006935119629,656
1763721747.660553,1763721747.750292,0.08973908424377441,658
1763721748.668758,1763721748.763335,0.09457707405090332,660
1763721749.673915,1763721749.767432,0.09351706504821777,662
1763721750.67859,1763721750.766963,0.08837294578552246,664
1763721751.683046,1763721751.783495,0.1004488468170166,666
1763721752.686066,1763721752.763172,0.07710599899291992,668
1763721753.689829,1763721753.802409,0.1125798225402832,670
1763721754.693265,1763721754.788262,0.09499692916870117,672
1763721755.696612,1763721755.806994,0.110382080078125,674
1763721756.699774,1763721756.804207,0.10443305969238281,676
1763721757.703411,1763721757.830772,0.12736082077026367,678
1763721758.70738,1763721758.787829,0.08044886589050293,680
1763721759.711232,1763721759.790628,0.07939600944519043,682
1763721760.715065,1763721760.804553,0.08948802947998047,684
1763721761.718125,1763721761.803951,0.08582592010498047,686
1763721762.721776,1763721762.814821,0.09304499626159668,688
1763721763.722107,1763721763.816882,0.09477496147155762,690
1763721764.728384,1763721764.818779,0.09039497375488281,692
1763721765.734082,1763721765.83143,0.09734797477722168,694
1763721766.740665,1763721766.841703,0.10103797912597656,696
1763721767.745916,1763721767.828466,0.082550048828125,698
1763721768.749252,1763721768.836769,0.08751702308654785,700
1763721769.753409,1763721769.841419,0.08801007270812988,702
1763721770.756859,1763721770.845749,0.08888983726501465,704
1763721771.762084,1763721771.860182,0.0980980396270752,706
1763721772.768239,1763721772.881357,0.11311793327331543,708
1763721773.772357,1763721773.859459,0.08710193634033203,710
1763721774.777953,1763721774.879523,0.10157012939453125,712
1763721775.784029,1763721775.868218,0.08418893814086914,714
1763721776.787316,1763721776.886164,0.09884786605834961,716
1763721777.792916,1763721777.897415,0.10449886322021484,718
1763721778.800358,1763721778.878263,0.07790493965148926,720
1763721779.80321,1763721779.897607,0.09439706802368164,722
1763721780.806851,1763721780.894683,0.08783197402954102,724
1763721781.81043,1763721781.903909,0.09347891807556152,726
1763721782.813211,1763721782.895148,0.08193707466125488,728
1763721783.816653,1763721783.890776,0.07412290573120117,730
1763721784.820354,1763721784.904287,0.08393311500549316,732
1763721785.823755,1763721785.916978,0.09322285652160645,734
1763721786.828473,1763721786.928684,0.10021090507507324,736
1763721787.832306,1763721787.92966,0.09735417366027832,738
1763721788.837339,1763721788.981768,0.14442896842956543,740
1763721789.841301,1763721789.923377,0.0820760726928711,742
1763721790.844827,1763721790.932734,0.08790707588195801,744
1763721791.848495,1763721791.925648,0.07715296745300293,746
1763721792.851999,1763721792.942633,0.09063386917114258,748
1763721793.855462,1763721793.945764,0.0903019905090332,750
1763721794.859001,1763721794.957875,0.09887409210205078,752
1763721795.865708,1763721795.959904,0.09419584274291992,754
1763721796.870057,1763721796.950709,0.08065199851989746,756
1763721797.877399,1763721797.988369,0.11097002029418945,758
1763721798.881863,1763721798.973933,0.09206986427307129,760
1763721799.886151,1763721799.991394,0.10524296760559082,762
1763721800.890841,1763721800.981717,0.09087610244750977,764
1763721801.897749,1763721801.999916,0.10216712951660156,766
1763721802.907507,1763721803.008631,0.10112404823303223,768
1763721803.912826,1763721804.009643,0.0968170166015625,770
1763721804.917223,1763721805.008238,0.09101510047912598,772
1763721805.920272,1763721806.017952,0.09767985343933105,774
1763721806.923899,1763721807.07092,0.14702105522155762,776
1763721807.9275,1763721808.018533,0.0910329818725586,778
1763721808.933211,1763721809.033361,0.10014986991882324,780
1763721809.936396,1763721810.012994,0.0765981674194336,782
1763721810.940333,1763721811.030982,0.09064912796020508,784
1763721811.943761,1763721812.031036,0.08727478981018066,786
1763721812.948442,1763721813.047413,0.09897112846374512,788
1763721813.954431,1763721814.055806,0.10137486457824707,790
1763721814.961134,1763721815.052718,0.0915839672088623,792
1763721815.966041,1763721816.073411,0.10736989974975586,794
1763721816.971019,1763721817.05065,0.07963085174560547,796
1763721817.974587,1763721818.061377,0.08679008483886719,798
1763721818.977702,1763721819.066621,0.08891916275024414,800
1763721819.981426,1763721820.080243,0.09881711006164551,802
1763721820.985955,1763721821.066807,0.08085203170776367,804
1763721821.989245,1763721822.09323,0.10398507118225098,806
1763721822.995903,1763721823.080601,0.08469796180725098,808
1763721823.999006,1763721824.080417,0.08141088485717773,810
1763721825.00535,1763721825.111045,0.10569477081298828,812
1763721826.01094,1763721826.119454,0.10851383209228516,814
1763721827.016057,1763721827.103415,0.08735799789428711,816
1763721828.018896,1763721828.104142,0.08524584770202637,818
1763721829.024711,1763721829.123232,0.09852099418640137,820
1763721830.02935,1763721830.11708,0.08772993087768555,822
1763721831.033191,1763721831.120139,0.08694791793823242,824
1763721832.03575,1763721832.149286,0.11353611946105957,826
1763721833.038977,1763721833.126807,0.0878300666809082,828
1763721834.043017,1763721834.136288,0.09327101707458496,830
1763721835.049676,1763721835.136728,0.0870521068572998,832
1763721836.058755,1763721836.159794,0.10103917121887207,834
1763721837.065161,1763721837.162206,0.0970449447631836,836
1763721838.068268,1763721838.162945,0.09467697143554688,838
1763721839.071804,1763721839.166302,0.0944979190826416,840
1763721840.07522,1763721840.151103,0.0758829116821289,842
1763721841.085645,1763721841.207816,0.12217092514038086,844
1763721842.089509,1763721842.187752,0.09824299812316895,846
1763721843.093329,1763721843.17433,0.08100104331970215,848
1763721844.102265,1763721844.19399,0.09172511100769043,850
1763721845.114452,1763721845.202788,0.08833622932434082,852
1763721846.121811,1763721846.224329,0.10251808166503906,854
1763721847.130484,1763721847.244692,0.11420798301696777,856
1763721848.133687,1763721848.23462,0.10093307495117188,858
1763721849.136812,1763721849.227975,0.09116291999816895,860
1763721850.140331,1763721850.230152,0.08982086181640625,862
1763721851.143975,1763721851.237341,0.09336590766906738,864
1763721852.14754,1763721852.219946,0.07240581512451172,866
1763721853.152695,1763721853.249676,0.09698104858398438,868
1763721854.159742,1763721854.246139,0.08639693260192871,870
1763721855.167788,1763721855.258823,0.0910348892211914,872
1763721856.172704,1763721856.273989,0.10128498077392578,874
1763721857.177896,1763721857.266344,0.08844804763793945,876
1763721858.18075,1763721858.268238,0.08748817443847656,878
1763721859.185591,1763721859.267921,0.08232998847961426,880
1763721860.190253,1763721860.264953,0.07469987869262695,882
1763721861.193725,1763721861.299575,0.1058499813079834,884
1763721862.198847,1763721862.312492,0.11364483833312988,886
1763721863.20347,1763721863.290863,0.08739304542541504,888
1763721864.209184,1763721864.325832,0.11664795875549316,890
1763721865.216696,1763721865.31271,0.09601402282714844,892
1763721866.220941,1763721866.32497,0.10402894020080566,894
1763721867.224254,1763721867.306282,0.08202815055847168,896
1763721868.227732,1763721868.31804,0.09030795097351074,898
1763721869.233478,1763721869.327723,0.09424495697021484,900
1763721870.236807,1763721870.328543,0.09173583984375,902
1763721871.240763,1763721871.313711,0.07294797897338867,904
1763721872.244505,1763721872.349211,0.1047060489654541,906
1763721873.248723,1763721873.34841,0.09968686103820801,908
1763721874.256786,1763721874.352008,0.09522199630737305,910
1763721875.26302,1763721875.357148,0.09412789344787598,912
1763721876.267338,1763721876.377179,0.10984086990356445,914
1763721877.271681,1763721877.357464,0.08578300476074219,916
1763721878.275008,1763721878.366174,0.09116601943969727,918
1763721879.280329,1763721879.369291,0.08896207809448242,920
1763721880.283969,1763721880.361806,0.07783699035644531,922
1763721881.28798,1763721881.391572,0.1035919189453125,924
1763721882.294544,1763721882.409843,0.11529898643493652,926
1763721883.295412,1763721883.3823,0.08688783645629883,928
1763721884.298749,1763721884.404605,0.10585594177246094,930
1763721885.302695,1763721885.400274,0.0975790023803711,932
1763721886.307623,1763721886.401143,0.0935201644897461,934
1763721887.314302,1763721887.40588,0.09157800674438477,936
1763721888.317817,1763721888.430548,0.1127309799194336,938
1763721889.323504,1763721889.422843,0.09933900833129883,940
1763721890.33033,1763721890.41644,0.08611011505126953,942
1763721891.33388,1763721891.417202,0.08332204818725586,944
1763721892.337465,1763721892.440124,0.10265898704528809,946
1763721893.341223,1763721893.447794,0.10657095909118652,948
1763721894.35075,1763721894.439066,0.08831596374511719,950
1763721895.35516,1763721895.4471,0.09193992614746094,952
1763721896.358194,1763721896.452793,0.09459877014160156,954
1763721897.361287,1763721897.442118,0.08083081245422363,956
1763721898.364567,1763721898.464914,0.10034704208374023,958
1763721899.368553,1763721899.452716,0.08416318893432617,960
1763721900.372593,1763721900.48058,0.1079871654510498,962
1763721901.375401,1763721901.470779,0.09537792205810547,964
1763721902.378471,1763721902.466084,0.08761310577392578,966
1763721903.382417,1763721903.46322,0.08080291748046875,968
1763721904.385676,1763721904.474746,0.08907008171081543,970
1763721905.391644,1763721905.526395,0.1347510814666748,972
1763721906.398389,1763721906.496389,0.09799981117248535,974
1763721907.403761,1763721907.498476,0.09471511840820312,976
1763721908.408028,1763721908.508013,0.09998512268066406,978
1763721909.411285,1763721909.503659,0.09237408638000488,980
1763721910.415988,1763721910.507726,0.09173798561096191,982
1763721911.42573,1763721911.515519,0.08978891372680664,984
1763721912.432997,1763721912.524198,0.0912010669708252,986
1763721913.443444,1763721913.550877,0.10743308067321777,988
1763721914.450939,1763721914.535052,0.08411312103271484,990
1763721915.453927,1763721915.551324,0.0973968505859375,992
1763721916.457921,1763721916.538222,0.08030104637145996,994
1763721917.460628,1763721917.538993,0.07836484909057617,996
1763721918.464399,1763721918.558869,0.09446978569030762,998
1763721919.472923,1763721919.573151,0.10022807121276855,1000
1763721920.479689,1763721920.575488,0.09579920768737793,1002
1763721921.484105,1763721921.572943,0.08883786201477051,1004
1763721922.49686,1763721922.608154,0.11129403114318848,1006
1763721923.503011,1763721923.599501,0.09648990631103516,1008
1763721924.511317,1763721924.596973,0.08565592765808105,1010
1763721925.515216,1763721925.607578,0.0923619270324707,1012
1763721926.517972,1763721926.620995,0.10302305221557617,1014
1763721927.521983,1763721927.600672,0.0786890983581543,1016
1763721928.5259,1763721928.618443,0.09254312515258789,1018
1763721929.530282,1763721929.651003,0.12072086334228516,1020
1763721930.534805,1763721930.632583,0.0977778434753418,1022
1763721931.540324,1763721931.621105,0.0807809829711914,1024
1763721932.545002,1763721932.647147,0.10214495658874512,1026
1763721933.550018,1763721933.640753,0.09073495864868164,1028
1763721934.555444,1763721934.646157,0.0907130241394043,1030
1763721935.561264,1763721935.651498,0.09023404121398926,1032
1763721936.564934,1763721936.638734,0.07380008697509766,1034
1763721937.568697,1763721937.652565,0.08386802673339844,1036
1763721938.571608,1763721938.645198,0.07359004020690918,1038
1763721939.574847,1763721939.668739,0.09389209747314453,1040
1763721940.57818,1763721940.680947,0.1027669906616211,1042
1763721941.584889,1763721941.682891,0.09800195693969727,1044
1763721942.587962,1763721942.671957,0.08399510383605957,1046
1763721943.589299,1763721943.688389,0.0990900993347168,1048
1763721944.594679,1763721944.680326,0.0856468677520752,1050
1763721945.597699,1763721945.67713,0.07943105697631836,1052
1763721946.600476,1763721946.696698,0.096221923828125,1054
1763721947.603132,1763721947.694245,0.09111309051513672,1056
1763721948.606261,1763721948.692267,0.08600592613220215,1058
1763721949.610146,1763721949.706478,0.09633207321166992,1060
1763721950.613483,1763721950.701343,0.087860107421875,1062
1763721951.622951,1763721951.718243,0.0952918529510498,1064
1763721952.62785,1763721952.71282,0.08496999740600586,1066
1763721953.631951,1763721953.729631,0.09767985343933105,1068
1763721954.635291,1763721954.729482,0.09419083595275879,1070
1763721955.638049,1763721955.733794,0.09574508666992188,1072
1763721956.642763,1763721956.729001,0.08623814582824707,1074
1763721957.647106,1763721957.748983,0.10187697410583496,1076
1763721958.653669,1763721958.765948,0.11227893829345703,1078
1763721959.657944,1763721959.753501,0.09555697441101074,1080
1763721960.660947,1763721960.740408,0.07946085929870605,1082
1763721961.665416,1763721961.765873,0.10045695304870605,1084
1763721962.668753,1763721962.761644,0.09289097785949707,1086
1763721963.672046,1763721963.768485,0.09643912315368652,1088
1763721964.677405,1763721964.787942,0.11053681373596191,1090
1763721965.681827,1763721965.787238,0.10541081428527832,1092
1763721966.685567,1763721966.800965,0.11539816856384277,1094
1763721967.689789,1763721967.781699,0.09190988540649414,1096
1763721968.698855,1763721968.801999,0.10314416885375977,1098
1763721969.703096,1763721969.813158,0.1100621223449707,1100
1763721970.70916,1763721970.791952,0.08279180526733398,1102
1763721971.713429,1763721971.802445,0.08901596069335938,1104
1763721972.716944,1763721972.819641,0.10269713401794434,1106
1763721973.720246,1763721973.806755,0.08650898933410645,1108
1763721974.723484,1763721974.804563,0.08107900619506836,1110
1763721975.72883,1763721975.819782,0.09095191955566406,1112
1763721976.731386,1763721976.839231,0.10784506797790527,1114
1763721977.736071,1763721977.833189,0.09711790084838867,1116
1763721978.743443,1763721978.832094,0.08865094184875488,1118
1763721979.76618,1763721979.85904,0.09285998344421387,1120
1763721980.769885,1763721980.870597,0.10071182250976562,1122
1763721981.776301,1763721981.85271,0.07640910148620605,1124
1763721982.787681,1763721982.898364,0.11068296432495117,1126
1763721983.801002,1763721983.880987,0.07998490333557129,1128
1763721984.80875,1763721984.896677,0.08792710304260254,1130
1763721985.811973,1763721985.899616,0.08764290809631348,1132
1763721986.815655,1763721986.903203,0.08754801750183105,1134
1763721987.818799,1763721987.932155,0.11335587501525879,1136
1763721988.82233,1763721988.924808,0.10247802734375,1138
1763721989.827556,1763721989.915778,0.08822202682495117,1140
1763721990.830413,1763721990.941397,0.11098384857177734,1142
1763721991.833069,1763721991.931886,0.0988168716430664,1144
1763721992.836068,1763721992.938087,0.10201907157897949,1146
1763721993.846248,1763721993.952593,0.10634517669677734,1148
1763721994.853536,1763721994.94866,0.0951240062713623,1150
1763721995.858271,1763721995.936706,0.07843518257141113,1152
1763721996.861292,1763721996.972887,0.11159515380859375,1154
1763721997.86484,1763721997.940034,0.07519388198852539,1156
1763721998.867426,1763721998.956572,0.08914613723754883,1158
1763721999.872436,1763721999.957613,0.08517694473266602,1160
1763722000.875542,1763722000.96615,0.09060811996459961,1162
1763722001.880456,1763722001.959779,0.07932305335998535,1164
1763722002.883338,1763722002.979929,0.09659099578857422,1166
1763722003.889228,1763722003.992334,0.10310578346252441,1168
1763722004.89609,1763722004.992526,0.0964360237121582,1170
1763722005.900528,1763722006.005728,0.10520005226135254,1172
1763722006.906058,1763722006.999991,0.0939328670501709,1174
1763722007.909752,1763722008.000288,0.09053611755371094,1176
1763722008.916925,1763722009.010507,0.0935821533203125,1178
1763722009.924206,1763722009.998696,0.07449007034301758,1180
1763722010.928062,1763722011.018933,0.09087109565734863,1182
1763722011.932934,1763722012.031055,0.09812092781066895,1184
1763722012.936477,1763722013.035643,0.0991661548614502,1186
1763722013.942073,1763722014.038869,0.09679579734802246,1188
1763722014.946173,1763722015.053302,0.10712909698486328,1190
1763722015.952712,1763722016.05191,0.0991978645324707,1192
1763722016.956202,1763722017.057382,0.1011800765991211,1194
1763722017.959728,1763722018.040573,0.08084487915039062,1196
1763722018.962748,1763722019.043593,0.08084487915039062,1198
1763722019.965286,1763722020.040991,0.07570505142211914,1200
1763722020.967913,1763722021.04464,0.07672715187072754,1202
1763722021.971819,1763722022.075903,0.10408401489257812,1204
1763722022.977008,1763722023.084579,0.10757088661193848,1206
1763722023.981111,1763722024.095008,0.11389684677124023,1208
1763722024.985322,1763722025.077902,0.09258008003234863,1210
1763722025.989863,1763722026.08797,0.09810709953308105,1212
1763722026.994639,1763722027.092505,0.09786605834960938,1214
1763722027.999336,1763722028.08108,0.08174395561218262,1216
1763722029.004159,1763722029.099426,0.09526705741882324,1218
1763722030.007475,1763722030.100905,0.0934300422668457,1220
1763722031.011248,1763722031.120991,0.10974287986755371,1222
1763722032.016465,1763722032.134625,0.11816000938415527,1224
1763722033.019308,1763722033.123251,0.10394287109375,1226
1763722034.021103,1763722034.135561,0.11445808410644531,1228
1763722035.02832,1763722035.120123,0.09180283546447754,1230
1763722036.033146,1763722036.119328,0.0861821174621582,1232
1763722037.03724,1763722037.156195,0.11895489692687988,1234
1763722038.040638,1763722038.130148,0.08950996398925781,1236
1763722039.044202,1763722039.138845,0.09464287757873535,1238
1763722040.049045,1763722040.133645,0.08459997177124023,1240
1763722041.052792,1763722041.151277,0.09848499298095703,1242
1763722042.056958,1763722042.163056,0.10609793663024902,1244
1763722043.062235,1763722043.204713,0.14247798919677734,1246
1763722044.06564,1763722044.164576,0.09893608093261719,1248
1763722045.070138,1763722045.155102,0.08496403694152832,1250
1763722046.072736,1763722046.160249,0.08751296997070312,1252
1763722047.075109,1763722047.165321,0.09021210670471191,1254
1763722048.078061,1763722048.167664,0.08960294723510742,1256
1763722049.081678,1763722049.16724,0.08556199073791504,1258
1763722050.087827,1763722050.169776,0.08194899559020996,1260
1763722051.091648,1763722051.188581,0.09693288803100586,1262
1763722052.096369,1763722052.187811,0.09144186973571777,1264
1763722053.100344,1763722053.205104,0.10476016998291016,1266
1763722054.105347,1763722054.206323,0.10097599029541016,1268
1763722055.109951,1763722055.206864,0.09691309928894043,1270
1763722056.113359,1763722056.208709,0.09535002708435059,1272
1763722057.116381,1763722057.204852,0.0884711742401123,1274
1763722058.119619,1763722058.204728,0.08510899543762207,1276
1763722059.122418,1763722059.21045,0.08803200721740723,1278
1763722060.126419,1763722060.224886,0.09846687316894531,1280
1763722061.131022,1763722061.229364,0.0983419418334961,1282
1763722062.135098,1763722062.239027,0.10392904281616211,1284
1763722063.138632,1763722063.243028,0.10439586639404297,1286
1763722064.144802,1763722064.245856,0.10105395317077637,1288
1763722065.163161,1763722065.272613,0.1094520092010498,1290
1763722066.168701,1763722066.261142,0.09244108200073242,1292
1763722067.174136,1763722067.256649,0.08251309394836426,1294
1763722068.178259,1763722068.285593,0.10733413696289062,1296
1763722069.181058,1763722069.265593,0.08453512191772461,1298
1763722070.184622,1763722070.262774,0.07815194129943848,1300
1763722071.189073,1763722071.266186,0.07711291313171387,1302
1763722072.196349,1763722072.282067,0.08571815490722656,1304
1763722073.20187,1763722073.308167,0.10629701614379883,1306
1763722074.208867,1763722074.300811,0.09194397926330566,1308
1763722075.214928,1763722075.307685,0.09275698661804199,1310
1763722076.220697,1763722076.318988,0.09829115867614746,1312
1763722077.226655,1763722077.311354,0.08469891548156738,1314
1763722078.234634,1763722078.334501,0.09986710548400879,1316
1763722079.254513,1763722079.365783,0.11126995086669922,1318
1763722080.268459,1763722080.343164,0.07470488548278809,1320
1763722081.271708,1763722081.361119,0.08941102027893066,1322
1763722082.275203,1763722082.374697,0.09949398040771484,1324
1763722083.283506,1763722083.378724,0.09521818161010742,1326
1763722084.286107,1763722084.36956,0.08345293998718262,1328
1763722085.289274,1763722085.372389,0.0831151008605957,1330
1763722086.293644,1763722086.37903,0.08538603782653809,1332
1763722087.296913,1763722087.373238,0.0763251781463623,1334
1763722088.299718,1763722088.39846,0.09874200820922852,1336
1763722089.317952,1763722089.410894,0.0929419994354248,1338
1763722090.324563,1763722090.405265,0.08070206642150879,1340
1763722091.327955,1763722091.41063,0.08267498016357422,1342
1763722092.333538,1763722092.434074,0.10053586959838867,1344
1763722093.335476,1763722093.433808,0.09833216667175293,1346
1763722094.339472,1763722094.438122,0.09864997863769531,1348
1763722095.343642,1763722095.42478,0.08113789558410645,1350
1763722096.347547,1763722096.455891,0.10834383964538574,1352
1763722097.353912,1763722097.430435,0.0765228271484375,1354
1763722098.357121,1763722098.4495,0.09237909317016602,1356
1763722099.360606,1763722099.446735,0.08612895011901855,1358
1763722100.364391,1763722100.443577,0.07918596267700195,1360
1763722101.367794,1763722101.46259,0.09479594230651855,1362
1763722102.371914,1763722102.471088,0.09917402267456055,1364
1763722103.37723,1763722103.488397,0.11116695404052734,1366
1763722104.381829,1763722104.473033,0.09120392799377441,1368
1763722105.385368,1763722105.47453,0.08916187286376953,1370
1763722106.389988,1763722106.499977,0.10998916625976562,1372
1763722107.39354,1763722107.472303,0.07876300811767578,1374
1763722108.396241,1763722108.484379,0.08813810348510742,1376
1763722109.399441,1763722109.506088,0.10664701461791992,1378
1763722110.404543,1763722110.494339,0.08979606628417969,1380
1763722111.407897,1763722111.532974,0.1250770092010498,1382
1763722112.412677,1763722112.490402,0.07772493362426758,1384
1763722113.415619,1763722113.493851,0.0782320499420166,1386
1763722114.418662,1763722114.503061,0.08439898490905762,1388
1763722115.424236,1763722115.526868,0.10263204574584961,1390
1763722116.42744,1763722116.528222,0.10078215599060059,1392
1763722117.431921,1763722117.5159,0.08397889137268066,1394
1763722118.434654,1763722118.521077,0.08642292022705078,1396
1763722119.440305,1763722119.537271,0.09696602821350098,1398
1763722120.445462,1763722120.525065,0.07960295677185059,1400
1763722121.449,1763722121.527533,0.07853317260742188,1402
1763722122.452246,1763722122.551634,0.09938812255859375,1404
1763722123.455692,1763722123.558016,0.10232400894165039,1406
1763722124.460965,1763722124.544957,0.08399200439453125,1408
1763722125.464717,1763722125.551627,0.08691000938415527,1410
1763722126.469534,1763722126.555648,0.08611416816711426,1412
1763722127.478843,1763722127.557632,0.07878899574279785,1414
1763722128.481489,1763722128.562566,0.08107709884643555,1416
1763722129.485217,1763722129.583575,0.0983579158782959,1418
1763722130.488786,1763722130.574865,0.08607912063598633,1420
1763722131.491994,1763722131.571285,0.07929110527038574,1422
1763722132.494703,1763722132.582252,0.08754897117614746,1424
1763722133.497607,1763722133.589748,0.09214091300964355,1426
1763722134.502228,1763722134.597347,0.09511899948120117,1428
1763722135.505082,1763722135.589154,0.08407211303710938,1430
1763722136.50773,1763722136.598343,0.09061288833618164,1432
1763722137.510652,1763722137.596619,0.08596682548522949,1434
1763722138.513785,1763722138.600004,0.08621907234191895,1436
1763722139.517386,1763722139.618575,0.10118913650512695,1438
1763722140.522182,1763722140.601074,0.07889199256896973,1440
1763722141.525339,1763722141.609359,0.08402013778686523,1442
1763722142.528347,1763722142.621228,0.0928809642791748,1444
1763722143.531981,1763722143.642751,0.11076998710632324,1446
1763722144.537989,1763722144.625101,0.0871121883392334,1448
1763722145.542808,1763722145.622689,0.07988095283508301,1450
1763722146.546361,1763722146.620629,0.07426810264587402,1452
1763722147.549781,1763722147.63845,0.0886688232421875,1454
1763722148.553103,1763722148.661345,0.10824203491210938,1456
1763722149.556146,1763722149.65307,0.0969240665435791,1458
1763722150.559413,1763722150.652702,0.09328913688659668,1460
1763722151.562263,1763722151.646158,0.08389496803283691,1462
1763722152.566262,1763722152.670661,0.10439896583557129,1464
1763722153.567447,1763722153.67267,0.10522294044494629,1466
1763722154.572254,1763722154.663066,0.09081196784973145,1468
1763722155.575436,1763722155.672834,0.0973978042602539,1470
1763722156.58126,1763722156.676071,0.09481096267700195,1472
1763722157.584284,1763722157.667009,0.08272504806518555,1474
1763722158.587277,1763722158.693648,0.10637116432189941,1476
1763722159.591831,1763722159.699938,0.10810708999633789,1478
1763722160.60241,1763722160.673346,0.07093596458435059,1480
1763722161.606523,1763722161.696008,0.08948493003845215,1482
1763722162.609773,1763722162.709771,0.09999799728393555,1484
1763722163.612652,1763722163.712189,0.09953689575195312,1486
1763722164.620009,1763722164.709903,0.08989405632019043,1488
1763722165.624619,1763722165.716679,0.09206008911132812,1490
1763722166.627611,1763722166.722936,0.09532499313354492,1492
1763722167.630474,1763722167.728279,0.09780502319335938,1494
1763722168.63349,1763722168.71628,0.08278989791870117,1496
1763722169.636484,1763722169.725769,0.08928513526916504,1498
1763722170.64002,1763722170.728505,0.0884850025177002,1500
1763722171.643592,1763722171.726338,0.08274602890014648,1502
1763722172.646309,1763722172.751705,0.10539603233337402,1504
1763722173.650279,1763722173.753749,0.1034698486328125,1506
1763722174.655527,1763722174.744417,0.08888983726501465,1508
1763722175.660743,1763722175.748584,0.08784103393554688,1510
1763722176.664818,1763722176.763389,0.0985710620880127,1512
1763722177.668104,1763722177.756657,0.08855295181274414,1514
1763722178.671411,1763722178.76042,0.08900904655456543,1516
1763722179.674498,1763722179.770912,0.09641385078430176,1518
1763722180.679844,1763722180.780864,0.10102009773254395,1520
1763722181.684062,1763722181.801163,0.11710095405578613,1522
1763722182.687409,1763722182.795598,0.10818910598754883,1524
1763722183.691059,1763722183.789451,0.09839177131652832,1526
1763722184.697532,1763722184.801926,0.10439395904541016,1528
1763722185.704048,1763722185.808858,0.10480999946594238,1530
1763722186.709524,1763722186.800933,0.09140896797180176,1532
1763722187.713176,1763722187.791205,0.07802891731262207,1534
1763722188.716552,1763722188.805325,0.08877301216125488,1536
1763722189.722068,1763722189.833902,0.11183381080627441,1538
1763722190.727002,1763722190.822842,0.0958399772644043,1540
1763722191.732901,1763722191.834258,0.10135698318481445,1542
1763722192.737186,1763722192.831655,0.09446907043457031,1544
1763722193.741278,1763722193.844816,0.10353803634643555,1546
1763722194.746058,1763722194.83621,0.09015202522277832,1548
1763722195.749622,1763722195.828502,0.07887983322143555,1550
1763722196.755162,1763722196.832758,0.07759594917297363,1552
1763722197.759429,1763722197.85404,0.09461092948913574,1554
1763722198.763189,1763722198.838748,0.07555890083312988,1556
1763722199.766763,1763722199.844724,0.07796096801757812,1558
1763722200.76983,1763722200.841325,0.07149505615234375,1560
1763722201.773731,1763722201.852112,0.07838106155395508,1562
1763722202.777349,1763722202.869526,0.09217691421508789,1564
1763722203.780315,1763722203.881895,0.10158014297485352,1566
1763722204.786808,1763722204.886207,0.09939908981323242,1568
1763722205.791153,1763722205.898243,0.10708999633789062,1570
1763722206.797097,1763722206.889522,0.09242510795593262,1572
1763722207.800939,1763722207.882471,0.08153200149536133,1574
1763722208.805913,1763722208.901612,0.09569907188415527,1576
1763722209.811381,1763722209.903596,0.09221482276916504,1578
1763722210.817736,1763722210.918159,0.10042309761047363,1580
1763722211.822891,1763722211.914037,0.09114599227905273,1582
1763722212.826202,1763722212.912032,0.0858299732208252,1584
1763722213.82853,1763722213.925567,0.09703683853149414,1586
1763722214.832207,1763722214.937089,0.10488200187683105,1588
1763722215.836152,1763722215.921708,0.0855560302734375,1590
1763722216.839388,1763722216.946615,0.10722708702087402,1592
1763722217.842429,1763722217.939974,0.09754514694213867,1594
1763722218.845803,1763722218.928381,0.08257794380187988,1596
1763722219.848742,1763722219.959846,0.11110401153564453,1598
1763722220.856445,1763722220.953056,0.09661102294921875,1600
1763722221.862549,1763722221.968296,0.10574698448181152,1602
1763722222.870814,1763722222.977921,0.10710692405700684,1604
1763722223.874835,1763722223.953117,0.07828187942504883,1606
1763722224.877758,1763722224.96289,0.08513188362121582,1608
1763722225.880778,1763722225.980415,0.09963703155517578,1610
1763722226.887938,1763722226.978694,0.09075593948364258,1612
1763722227.892258,1763722227.983654,0.09139609336853027,1614
1763722228.896535,1763722228.985877,0.08934211730957031,1616
1763722229.899896,1763722229.984389,0.08449316024780273,1618
1763722230.903307,1763722230.992783,0.08947610855102539,1620
1763722231.906963,1763722232.004619,0.0976557731628418,1622
1763722232.910522,1763722233.012606,0.10208392143249512,1624
1763722233.913769,1763722233.994187,0.08041810989379883,1626
1763722234.916434,1763722234.988025,0.07159090042114258,1628
1763722235.919332,1763722235.990895,0.0715630054473877,1630
1763722236.922428,1763722237.002026,0.07959818840026855,1632
1763722237.926574,1763722238.017189,0.09061503410339355,1634
1763722238.930032,1763722239.001453,0.07142090797424316,1636
1763722239.932236,1763722240.00841,0.07617402076721191,1638
1763722240.935625,1763722241.021831,0.08620595932006836,1640
1763722241.938393,1763722242.020327,0.08193397521972656,1642
1763722242.942432,1763722243.04479,0.10235810279846191,1644
1763722243.954757,1763722244.056247,0.10149002075195312,1646
1763722244.973497,1763722245.053667,0.0801701545715332,1648
1763722245.976326,1763722246.058915,0.08258891105651855,1650
1763722246.97916,1763722247.066666,0.08750581741333008,1652
1763722247.981834,1763722248.065542,0.08370804786682129,1654
1763722248.985905,1763722249.102451,0.1165461540222168,1656
1763722249.989433,1763722250.07503,0.08559703826904297,1658
1763722250.992743,1763722251.093815,0.10107207298278809,1660
1763722251.996303,1763722252.076682,0.08037900924682617,1662
1763722252.999514,1763722253.080332,0.08081793785095215,1664
1763722254.003267,1763722254.082648,0.07938098907470703,1666
1763722255.00703,1763722255.108428,0.10139799118041992,1668
1763722256.011227,1763722256.084361,0.07313418388366699,1670
1763722257.016124,1763722257.107292,0.09116792678833008,1672
1763722258.018537,1763722258.087716,0.06917905807495117,1674
1763722259.021974,1763722259.134091,0.11211681365966797,1676
1763722260.027583,1763722260.117022,0.08943915367126465,1678
1763722261.031349,1763722261.113427,0.0820779800415039,1680
1763722262.035462,1763722262.106698,0.07123613357543945,1682
1763722263.038488,1763722263.115097,0.07660913467407227,1684
1763722264.04189,1763722264.11967,0.07778000831604004,1686
1763722265.044351,1763722265.122706,0.0783548355102539,1688
1763722266.047597,1763722266.139525,0.09192800521850586,1690
1763722267.055135,1763722267.155571,0.10043597221374512,1692
1763722268.058244,1763722268.144133,0.08588910102844238,1694
1763722269.061172,1763722269.14406,0.08288788795471191,1696
1763722270.064249,1763722270.149128,0.08487892150878906,1698
1763722271.067431,1763722271.149092,0.08166098594665527,1700
1763722272.070228,1763722272.149948,0.07971978187561035,1702
1763722273.07401,1763722273.151028,0.07701802253723145,1704
1763722274.076019,1763722274.164309,0.08828997611999512,1706
1763722275.078947,1763722275.179835,0.10088801383972168,1708
1763722276.082416,1763722276.171276,0.08886003494262695,1710
1763722277.085363,1763722277.182448,0.09708499908447266,1712
1763722278.089772,1763722278.187265,0.09749293327331543,1714
1763722279.096034,1763722279.206914,0.11087989807128906,1716
1763722280.098936,1763722280.180664,0.08172798156738281,1718
1763722281.103482,1763722281.195322,0.09184002876281738,1720
1763722282.107144,1763722282.206174,0.0990297794342041,1722
1763722283.111427,1763722283.238362,0.12693500518798828,1724
1763722284.116005,1763722284.216133,0.100128173828125,1726
1763722285.121969,1763722285.20755,0.08558106422424316,1728
1763722286.125594,1763722286.227578,0.10198402404785156,1730
1763722287.129273,1763722287.219982,0.09070897102355957,1732
1763722288.132748,1763722288.218156,0.08540821075439453,1734
1763722289.136432,1763722289.247909,0.11147713661193848,1736
1763722290.139646,1763722290.217526,0.0778799057006836,1738
1763722291.146207,1763722291.232936,0.08672881126403809,1740
1763722292.149215,1763722292.241569,0.09235405921936035,1742
1763722293.154005,1763722293.243961,0.08995604515075684,1744
1763722294.156648,1763722294.240005,0.08335709571838379,1746
1763722295.159705,1763722295.243207,0.08350205421447754,1748
1763722296.163854,1763722296.2698,0.10594606399536133,1750
1763722297.170336,1763722297.279869,0.10953307151794434,1752
1763722298.173476,1763722298.280069,0.10659313201904297,1754
1763722299.176712,1763722299.255901,0.07918906211853027,1756
1763722300.180586,1763722300.272642,0.0920557975769043,1758
1763722301.184262,1763722301.269689,0.08542704582214355,1760
1763722302.188534,1763722302.288802,0.10026788711547852,1762
1763722303.193177,1763722303.290897,0.09771990776062012,1764
1763722304.193218,1763722304.287288,0.0940699577331543,1766
1763722305.197602,1763722305.303326,0.10572385787963867,1768
1763722306.208145,1763722306.320062,0.11191701889038086,1770
1763722307.213807,1763722307.325414,0.11160683631896973,1772
1763722308.218192,1763722308.318589,0.10039687156677246,1774
1763722309.22398,1763722309.327288,0.10330796241760254,1776
1763722310.229567,1763722310.314556,0.08498883247375488,1778
1763722311.235802,1763722311.315258,0.07945609092712402,1780
1763722312.239383,1763722312.365838,0.12645506858825684,1782
1763722313.246123,1763722313.342989,0.09686589241027832,1784
1763722314.250452,1763722314.352873,0.10242104530334473,1786
1763722315.255864,1763722315.360371,0.1045072078704834,1788
1763722316.262574,1763722316.3365,0.07392597198486328,1790
1763722317.266046,1763722317.367438,0.10139203071594238,1792
1763722318.269287,1763722318.354452,0.08516478538513184,1794
1763722319.27249,1763722319.371662,0.09917187690734863,1796
1763722320.276159,1763722320.365567,0.08940792083740234,1798
1763722321.278874,1763722321.364563,0.08568906784057617,1800
1763722322.282833,1763722322.368758,0.08592486381530762,1802
1763722323.285955,1763722323.363449,0.07749414443969727,1804
1763722324.28943,1763722324.368559,0.07912898063659668,1806
1763722325.293945,1763722325.392816,0.09887099266052246,1808
1763722326.298242,1763722326.397067,0.09882497787475586,1810
1763722327.30227,1763722327.387432,0.08516216278076172,1812
1763722328.306822,1763722328.391505,0.08468294143676758,1814
1763722329.3141,1763722329.411708,0.09760808944702148,1816
1763722330.318043,1763722330.407296,0.08925294876098633,1818
1763722331.324703,1763722331.418815,0.09411191940307617,1820
1763722332.329359,1763722332.424859,0.09549999237060547,1822
1763722333.331727,1763722333.442244,0.11051702499389648,1824
1763722334.337376,1763722334.422379,0.08500289916992188,1826
1763722335.340459,1763722335.42428,0.08382081985473633,1828
1763722336.346132,1763722336.435886,0.08975386619567871,1830
1763722337.34947,1763722337.442199,0.09272909164428711,1832
1763722338.353173,1763722338.446484,0.09331107139587402,1834
1763722339.356912,1763722339.434208,0.07729601860046387,1836
1763722340.360424,1763722340.44646,0.08603596687316895,1838
1763722341.364077,1763722341.442052,0.07797479629516602,1840
1763722342.367305,1763722342.460984,0.09367895126342773,1842
1763722343.370691,1763722343.457499,0.0868079662322998,1844
1763722344.373892,1763722344.477031,0.10313892364501953,1846
1763722345.384369,1763722345.501224,0.11685514450073242,1848
1763722346.395967,1763722346.483507,0.0875399112701416,1850
1763722347.398875,1763722347.491483,0.09260797500610352,1852
1763722348.40247,1763722348.510112,0.10764193534851074,1854
1763722349.407947,1763722349.494973,0.08702588081359863,1856
1763722350.413987,1763722350.518595,0.10460805892944336,1858
1763722351.418369,1763722351.520794,0.10242486000061035,1860
1763722352.42391,1763722352.510882,0.08697199821472168,1862
1763722353.426233,1763722353.50258,0.07634687423706055,1864
1763722354.430045,1763722354.527975,0.0979301929473877,1866
1763722355.434812,1763722355.523337,0.08852481842041016,1868
1763722356.437236,1763722356.520148,0.08291196823120117,1870
1763722357.43992,1763722357.534885,0.09496498107910156,1872
1763722358.443945,1763722358.546037,0.10209202766418457,1874
1763722359.448664,1763722359.600422,0.15175795555114746,1876
1763722360.45184,1763722360.557059,0.10521912574768066,1878
1763722361.454918,1763722361.534113,0.07919502258300781,1880
1763722362.457613,1763722362.53486,0.07724690437316895,1882
1763722363.458741,1763722363.537744,0.07900309562683105,1884
1763722364.461299,1763722364.552164,0.0908651351928711,1886
1763722365.465408,1763722365.550789,0.08538103103637695,1888
1763722366.469341,1763722366.540864,0.07152295112609863,1890
1763722367.479805,1763722367.557138,0.07733297348022461,1892
1763722368.484233,1763722368.581827,0.09759402275085449,1894
1763722369.488306,1763722369.5861,0.0977940559387207,1896
1763722370.492204,1763722370.569001,0.0767970085144043,1898
1763722371.495591,1763722371.590511,0.09492015838623047,1900
1763722372.499669,1763722372.598225,0.0985560417175293,1902
1763722373.503883,1763722373.6042,0.10031700134277344,1904
1763722374.510919,1763722374.604142,0.09322285652160645,1906
1763722375.514594,1763722375.61715,0.10255599021911621,1908
1763722376.517913,1763722376.606823,0.08890986442565918,1910
1763722377.521067,1763722377.595398,0.07433104515075684,1912
1763722378.524502,1763722378.612006,0.08750391006469727,1914
1763722379.527411,1763722379.615211,0.0878000259399414,1916
1763722380.530504,1763722380.623508,0.09300398826599121,1918
1763722381.534477,1763722381.622445,0.08796811103820801,1920
1763722382.538713,1763722382.620147,0.08143401145935059,1922
1763722383.541918,1763722383.636211,0.09429287910461426,1924
1763722384.544744,1763722384.639087,0.09434294700622559,1926
1763722385.569849,1763722385.667431,0.09758210182189941,1928
1763722386.576176,1763722386.678006,0.10183000564575195,1930
1763722387.582308,1763722387.661108,0.07879996299743652,1932
1763722388.586763,1763722388.69036,0.10359716415405273,1934
1763722389.59049,1763722389.668501,0.07801079750061035,1936
1763722390.593412,1763722390.682922,0.08950996398925781,1938
1763722391.596361,1763722391.686587,0.0902261734008789,1940
1763722392.599906,1763722392.699078,0.09917211532592773,1942
1763722393.604028,1763722393.705275,0.10124707221984863,1944
1763722394.608104,1763722394.694795,0.08669090270996094,1946
1763722395.612992,1763722395.702094,0.08910202980041504,1948
1763722396.616563,1763722396.713524,0.09696102142333984,1950
1763722397.619165,1763722397.694262,0.07509708404541016,1952
1763722398.623149,1763722398.720227,0.09707808494567871,1954
1763722399.62641,1763722399.722202,0.09579205513000488,1956
1763722400.629256,1763722400.708568,0.07931208610534668,1958
1763722401.633215,1763722401.718376,0.08516097068786621,1960
1763722402.638025,1763722402.733994,0.09596896171569824,1962
1763722403.644155,1763722403.748629,0.10447406768798828,1964
1763722404.64936,1763722404.759305,0.10994505882263184,1966
1763722405.652771,1763722405.76931,0.11653900146484375,1968
1763722406.657259,1763722406.756532,0.0992729663848877,1970
1763722407.663427,1763722407.765996,0.1025688648223877,1972
1763722408.666717,1763722408.775969,0.1092519760131836,1974
1763722409.670425,1763722409.76944,0.0990149974822998,1976
1763722410.676984,1763722410.753384,0.0764000415802002,1978
1763722411.6812,1763722411.787683,0.10648298263549805,1980
1763722412.688568,1763722412.785494,0.09692597389221191,1982
1763722413.692255,1763722413.80658,0.11432504653930664,1984
1763722414.702144,1763722414.801874,0.09973001480102539,1986
1763722415.714091,1763722415.821336,0.10724496841430664,1988
1763722416.71784,1763722416.824349,0.10650897026062012,1990
1763722417.720728,1763722417.819366,0.09863805770874023,1992
1763722418.728519,1763722418.817664,0.08914494514465332,1994
1763722419.732398,1763722419.809053,0.07665491104125977,1996
1763722420.735506,1763722420.822328,0.0868220329284668,1998
1763722421.740257,1763722421.813073,0.0728158950805664,2000
